10590136
875287
8199820
5057663
10702159
2754412
7435555
224859
15992449
11622350
932944
435700
3170120
2139512
586809
5333029
5303723
9686900
2143023
9428881
10397494
5457662
9809458
15073442
9359276
12646399
7156069
8446180
508851
13263334
200901
16434731
4146302
2574407
13529343
475977
12176151
3286326
14938937
8457867
4182397
9067317
9785655
3106707
14474698
6619846
9276488
9411552
16176842
12659264
8547512
14246121
4596141
11017854
4676777
8838515
2233654
14522909
6622027
9353154
6111099
15261908
14538909
16058393
14096232
13321747
16130278
8992043
866927
6845363
6170143
14247712
11010113
1447901
15191962
5907515
11250205
1649267
11911440
9299031
10676279
9079687
12490080
5432569
13761991
4112148
1524223
428863
592554
1802290
8974899
13846900
7307294
1501283
9297883
9879789
232409
8136743
3466888
4457334
16535993
14030397
10195018
10293167
1021850
3279915
11939212
1533565
12943402
137868
4974035
12106491
852068
731007
2001459
15003488
1752841
12070722
9172652
5100977
12017099
8577908
844173
15622231
1906637
13968100
8237652
2050630
4452627
4991742
1716311
12963273
4400342
8224484
9377731
10889695
282091
13561919
1355094
3192212
15539075
4994158
6666596
12889312
12119276
13127523
1809766
5711917
9767081
9225686
11593627
15832331
14116100
13892551
2458045
9381978
13644367
9436240
4896268
16389806
3412057
7853519
9460842
14791640
3641605
14549793
2218854
10556399
16406734
4024673
313979
7496885
6341307
146171
14296809
3033799
8769468
6727266
16688850
9849003
10401895
9060764
3469927
1645489
6720515
3237423
4115487
4352330
14921565
5407608
10261239
8176803
8851715
12993145
2711548
14191927
2016959
2569854
13719068
15814985
8599722
14345065
7132332
2422873
13152456
12113599
11146388
12261164
4735525
5389445
361073
7233069
14589801
4269831
10735511
16538036
1719892
8007993
13524218
3790624
4627199
1134895
4270261
13477793
7772834
3656561
2940131
2324266
14217616
7277377
11653144
8628488
15893078
13078579
15907015
12001675
13065306
761886
14499935
9464402
1717755
954277
8092888
156378
6936857
12739548
4541145
11187804
8802301
14716773
5927811
8747083
16319461
14972281
15864395
11650868
472344
8003496
16688403
4798575
9436662
10598683
3415571
16284296
2467504
15371521
4388821
2969395
8822072
3714948
6695627
3624014
12686515
8483404
8629685
10628215
770048
4733154
16599359
4956090
8774682
1978263
1744853
4465149
15151046
13331121
6993890
8737790
11593394
12237951
4893716
5733126
12746045
7891411
5484167
13060078
10991674
16330224
3591171
11261280
14725025
10072970
7212951
3556627
12622973
14145706
12992586
8237367
4817059
2582922
14785914
10604591
6017403
13712253
13704943
4328057
8138172
5902010
1699456
496325
15929417
3591598
6776448
6347783
5744471
1420271
10347757
11564729
16395959
14708574
7764896
13937303
10360224
4558120
11136128
11281022
7928672
7179129
12429801
10003077
9718364
11645341
13412890
3033591
1934653
10550273
4973742
9859417
9881245
15835692
2500039
6503809
3704667
1667888
10459008
10015074
1014462
12364645
9159414
2508362
4434119
2067801
16046615
4307744
3626606
7303645
2070013
7386212
16427096
4374769
183922
10968526
2694712
7241960
10342849
6949050
14246761
7152560
16405451
11623905
5229402
16436601
2040752
547429
10546727
3239217
11439176
8676789
15727180
3158085
11853770
916593
371585
8962314
14350062
12243531
11639755
1086429
14539255
3309210
16218734
8821678
2167497
3552080
2046933
2555111
8959338
12151061
632206
4374312
5153750
6058821
442715
9153569
15093319
11962606
3951049
15281658
902544
12241425
2656534
1467235
6466882
7358458
6184977
16720927
5700286
11409861
1125724
4018238
4501641
2384132
4881881
11112350
8346971
10748644
3288122
6047858
147614
7751206
11319131
7588742
2225459
3267323
4713687
1498586
6062948
6735082
775767
1462745
8720149
12762571
13263950
1333508
15797029
9034040
4411221
9484861
14103092
4730590
13027844
13034272
2390716
11154851
10880790
8039662
12911763
8335053
11692727
9900392
12485552
10472729
12980546
6320847
14684947
804099
309558
9739707
3309165
6135691
7936254
16743700
9700624
8244293
1915672
16015758
10037348
12398738
3677046
8364134
3688200
13422040
13557572
9609694
7688000
9397402
15565829
13816053
5090136
10740864
3124155
1139805
5921789
12125873
8163595
6745693
13755254
15007281
9535337
11460461
9096206
1764974
11022362
5742542
1050548
11165882
11986025
7872556
16626261
15770381
1062790
12804710
4433659
11211568
12689045
2734903
16209194
3698242
10488583
5553439
2165641
12630897
4571578
3786307
16771620
4396761
9130104
8851274
492832
11738240
502342
6124111
13126644
8253608
2515285
5611512
9673901
16756748
3093220
3237762
2839025
13472987
2792730
7304770
3348693
11817709
8974531
949625
5319856
6449968
15247384
11080668
16494202
10922465
3088381
10523673
13030981
6042157
7600603
3173600
7543705
11190614
6240486
8858283
1458316
12249555
7988675
12675387
4341398
5929102
10282676
1104981
5535502
6547940
11698153
8510880
8945503
1738220
2049866
4989616
1926629
15172165
14247914
14498695
14783344
15683499
7732103
11970707
1008188
936324
15309493
12073216
12011817
8876503
16031487
2429146
2419902
9122583
2094079
3891938
4037242
7837651
10927467
220727
356763
11709524
6422376
11201849
14338653
9653545
14568369
12722897
8521076
480439
3809541
4073306
11125786
8296202
6490607
15353804
8735195
11692930
586836
768655
808658
4097325
13501252
5543542
11386791
2540093
5638210
4934602
7945038
13989492
7053273
3094067
1431773
10283302
3921504
7944764
464271
4492045
15363306
11406308
11999070
10903583
8125150
4326991
2479889
5024618
9625144
10965229
4419881
908317
12274280
16018919
13699662
11053267
3333049
16109955
2494042
8529585
5859973
13466701
5088110
1919459
15134189
5245819
409771
11911858
13830291
7515587
4388265
13341371
1854120
15523892
348083
3364484
5812983
776216
4612178
1263157
4645810
11253210
7954588
7856685
16560039
11455290
5909002
10975973
1632280
4242843
2317206
5766296
7860890
2330155
5362709
10169395
4974735
11312657
2833579
8304948
9539152
10468921
11334479
1437018
327360
8714871
12171600
6909033
8429562
15329280
13717433
4542875
14350035
4405471
4296535
12929787
4378724
439048
4697891
3422825
14912039
13271835
798085
6870484
9112136
10971768
410337
6556132
12401019
3098487
3715466
8464734
7536150
16764617
11678740
5289313
9061505
14514171
10973853
12098773
16282322
7744992
1916288
14803295
16555030
13856861
16612196
4236227
11483949
12091523
2270560
15240604
16022551
10863695
7369080
9345302
5238121
507275
12467526
7497137
1284383
1065301
10515518
13893856
13644841
7189705
14831989
11241447
9141780
4597971
8681541
10543970
9680331
10982661
4891832
10191270
185554
5705842
14585839
4991309
9578342
8634878
9484592
8937022
8578270
14610588
10907043
939748
2107393
13422819
6470160
7271002
15897204
11186733
5322555
8694007
10942515
6775590
11689425
3935207
1349588
2426372
13925874
9792584
592302
9382175
10357703
13294527
16224794
1931945
15784326
3435884
9746917
5412699
12350372
15059933
5098133
1023408
1655001
11113644
9261665
13683482
6658270
8520306
16016607
15302655
4375990
6170358
14328031
5487568
10491754
9899926
10865070
7744942
13161741
15252076
3219673
796971
5249761
13086962
15451546
8229798
5539923
10007190
3655569
2406004
6104175
14169123
10412754
5760682
13496391
527818
6359871
14833101
9850780
12504616
2360327
13297914
6851804
10449619
308596
10848039
4606305
11418534
1521273
16606522
9593208
4113254
15038558
1310818
6856842
600907
13963374
14474958
16597078
392550
529912
1906057
15301084
9523488
2015493
7262536
11797298
13036183
7483343
5024139
3343872
10718999
7878070
8905254
7697168
1311669
3313009
7770468
13720238
5332120
7563605
12067207
11705417
16122258
16633631
861472
2982924
10126436
12193794
9560056
10631075
2481199
1776113
4144041
8373967
15822232
15557334
1620242
1354927
15887732
15225320
10223547
12525320
2847246
13159858
14040082
16252198
496253
3993129
388616
7015197
15352324
8499463
464146
13018245
3308570
15293162
11263447
9217524
7799350
8669422
2278163
2761374
2614405
4797492
5846817
14612159
5615435
10885756
10666119
13206372
2430423
6056982
4287120
3420275
16080607
10684315
13405565
5751202
11407954
697954
11034953
16277071
16266217
4806994
1721382
4677089
12961026
7519124
15199220
1945234
2116062
307152
6638042
4582969
12379848
11037689
10041833
2437042
4814664
9688862
14960714
11913027
16070999
5231549
7148271
14706749
955944
9830084
14214148
1780207
7003954
6105068
11399034
14464176
11402741
3195477
2006791
12557688
13036853
1944596
7609552
1755760
1837168
10866730
16580473
10438697
4642738
13281168
5495821
10035770
12703793
13683499
3107914
14628160
3936949
9857328
13229151
11493406
11543844
7619602
6240975
1737120
7479928
10624832
10588793
856692
5345492
2971113
10232348
746636
880273
11104674
4636824
15946961
12710335
6066490
11711036
1963306
10121187
3826434
7341079
3999598
4465294
11301051
12551923
14117143
7948012
1508818
8089328
1859331
12463986
16749016
6993722
16602025
6385002
4131100
8787228
1479831
13384059
8477433
10320928
15935805
4066287
3737810
11798333
14905389
14751017
3315933
2372411
12514616
16613739
11855017
750979
6966506
7898899
14609382
3717718
13683967
2482236
6760494
15050542
8325262
3542754
9412017
568194
10294681
3180999
14403103
7935132
9769940
16150130
9348834
670278
15084874
14985015
9048238
9651038
625836
11634788
1526885
5856261
10122698
12125018
11857871
12387620
3206858
12963569
1624864
8617815
15865708
2866995
14212630
13659141
2456203
4344132
1640541
11558772
11280606
753743
4140130
4532225
8975780
930596
3484874
12614254
582345
658788
15037397
15209267
9231520
10709066
5664630
12016206
6787597
13751110
11072838
1667985
13336484
5450271
5383580
12925656
6510279
3572157
6024379
4647604
10672244
6773807
3500957
6070036
5241335
9491796
1087257
6172046
1387322
14749991
4483842
16327496
5136104
12761237
2150292
11038587
5879558
8531879
4546789
13189526
2941219
7417052
7979528
12971411
13557380
16585639
8525727
12638440
9145132
4120624
12400333
13318325
16729318
3956434
9930255
11013966
16639415
16317249
3503147
13549101
2776701
4499340
8566364
5481097
1301153
6653975
4036868
16687206
13297663
6906879
10089872
6873822
8442464
6543211
13282258
14496400
7379692
13782002
1285345
3960297
1560104
14516306
14246039
6380458
2115875
3832255
7243018
10569886
4639870
10222378
2215889
9553627
10374406
1757224
12542861
2634000
10305917
10317424
3997734
11147396
16183114
1153120
16511294
12773961
15259520
4917614
8534975
14704889
8455884
7072018
11454696
14605763
2558063
15220333
1946133
13547339
16165513
2503858
3632249
10991549
14510967
6050646
11066928
13715477
2642203
11426527
7917188
10329366
2346576
2299246
8360189
14300589
16002243
15517228
4332919
12665555
13393128
15204891
546532
15231152
9434749
13335828
14769508
1739019
4273567
13167702
15480602
12771661
1224210
8886884
8756411
15746128
10212305
8260555
14189299
10566466
12458155
12017396
9387977
16095830
12826095
6387761
5477038
2746353
11467489
10943461
14155364
4505587
8425443
1661162
13427948
8332156
11742916
3166787
376459
7733296
8074744
2393722
7740770
3595090
13748685
12464723
4028024
2538896
12400637
6226138
4904685
9936416
15698505
9314899
9547736
9738304
16769009
11825975
1778839
1261184
12891948
6447607
15541670
12651854
15725272
15008552
9958582
10556270
8093893
5160316
16598390
16104616
5910038
4054764
5460149
10597079
705628
2347151
11803779
10423543
853739
9397164
8039343
14459952
9754669
1939163
1271930
4595228
2534762
10373736
10033518
8641177
15513789
6264200
12133177
12575840
6340492
5115775
286446
7784276
9278468
9733750
5566585
15327260
15299763
11058797
10114303
8619800
5194350
12663684
5460917
12398318
5788996
14119117
10751273
2493989
7323944
290221
9536553
4500797
3460520
8725796
14782558
15943799
6698170
7428416
8459337
11438121
12654428
2299775
13362859
3073309
7036514
13723150
1012102
12515732
9834078
12090235
13327982
11138310
10601022
2861003
1605830
14610806
13538470
10312889
9945408
1353545
3735463
7323767
7818083
8005932
12525803
7962699
6507552
8928824
15339727
12885018
13226001
9864921
2621815
9725746
6019084
9165387
14502422
14326422
15047297
5296289
3192634
3475295
1943439
13822251
14222605
14027249
9815084
7633112
11180257
3044966
1492336
9496815
9365163
2773184
10383373
8242638
4761893
8296014
9619481
12959950
12034993
8508968
4174520
3064185
13645597
14736031
992464
10629725
9439658
10654237
5121955
3421837
12024504
13857074
11011430
1365915
5760667
10305092
14693365
11176524
11987763
7372754
2804325
9028573
5647558
5725491
15869640
13400986
9144502
14138677
12716916
5582569
1270671
12237672
12650029
12958108
5094873
10907997
12779254
3838779
4987384
4565694
12707794
8576387
5888339
188145
16628110
9263580
8823468
12977826
15217573
4168874
3435397
8141968
568727
10260409
16114968
7474412
10231381
12911035
5246757
14531249
9189954
4731362
14320282
3884171
3279103
9839881
3755966
5871644
2683223
6578082
6550053
9111784
15942397
10630588
2391117
6225027
9863762
15807189
10651768
2874945
13167122
14855953
9191331
9582160
15069416
3481713
1156682
16019652
4084970
14175812
2544605
13831717
6677650
7967913
11172215
10292671
6525759
14862181
1216932
6563889
4552258
12320656
12968348
6325169
3939962
8671405
16217965
9232585
10414284
5552314
4791346
15573887
8901948
13034903
7082109
16562029
6434875
9372079
974730
4135581
12897172
8363095
11067117
4468914
13702031
7471280
16089025
4590466
13064534
8819169
11016033
6888738
13372441
14012082
3709965
12494620
14753633
15190576
3545269
12544167
11652352
12821751
5219965
4921257
12811310
12250101
10982752
5766012
13997336
3332155
2382728
2378415
4986764
6748242
11591614
6605634
11801755
5873878
12382851
10720615
4508903
5114086
10892807
2752563
11257837
5812426
3634022
9555045
12143336
1816501
9913892
9439250
15216629
3754522
6959594
15873227
14171864
7413294
8678706
11638228
4409407
5040496
3862895
12432080
8769947
6115837
291283
16573080
4719212
7973463
4237492
5424869
12295078
12251073
11510815
9505265
5989912
4410402
606161
608338
8979646
11312485
13855088
9769243
13646805
4730820
1373814
9132413
15614954
5863235
13714864
2493978
2810188
8636577
4219878
15454149
4711280
8066229
16281473
5568854
3148838
13290418
4208053
8861222
13290551
10697294
10282985
6879678
7198940
15002102
7271855
14790522
12807017
11364697
7268801
4485372
12618249
2757777
4535042
11750057
8357041
10372566
6508712
4567761
15979598
11545227
6385160
514188
9810685
673172
10572466
10233873
3308154
1147289
4659656
5963979
3373320
2376867
5084049
2859870
15095037
195804
8972692
3223699
1643168
14513342
4600684
9560867
1222480
9000451
7107794
2755423
13039349
12363487
6096693
16228833
5496164
450236
11402849
4801446
13380566
10692518
14197658
7154516
946880
16470493
8052881
6500032
7612718
7950529
9588592
8401538
13425757
9981237
5882435
591038
4922281
6458116
5787061
14522942
11785696
10796659
3886346
8227480
11392209
3655248
14498557
3671846
2452058
2617090
10919913
7463527
5482122
1598986
14579062
12412849
15824917
15068247
7875985
2452228
2082627
3557946
11973191
14558293
8275608
14994328
7870634
11335123
14920628
7337737
4521602
10379080
11210115
3586297
11432998
14624524
10093200
15066567
8484203
3051772
5833286
11134165
3150085
1675839
6467072
8635433
14545224
15000528
1813106
9384410
11777695
14160502
5322301
5099489
1828730
13629190
4507555
723259
7063008
11664046
3326006
7968326
228383
5383827
15022508
11201369
15555449
8325365
12096141
7088438
3712236
4463306
5810975
8795335
7342204
3572741
6070994
3167193
15986323
2111602
508878
7020823
15346793
497826
14845006
8749939
7021391
6066006
11400290
14702178
3006238
9103735
1335622
5763580
5418229
3676887
16299418
2962927
6761639
16536032
3630858
3811730
16455724
8949134
7097695
15716329
1845366
6363465
3488940
10695053
3054102
1406598
14013240
16689551
1446123
7619209
13417408
12427079
15656229
1463332
2573643
8554186
5529531
1458163
1913338
15490652
6813000
5054013
4130419
15538588
12138277
8069753
15135246
12340605
14468941
521834
10753436
2546494
10493819
4478872
6941093
8111745
16460426
15401777
4699632
13395068
6716398
15284082
3494352
10015220
7866291
5308408
4986618
15883286
6979883
9961934
8806082
13246392
5083893
901478
13357915
5145519
15453104
11892308
14750529
2353137
15133482
7983919
12702757
10521892
12711785
12841420
1051548
8032486
10920796
6121945
13651592
4338625
13880708
5105587
11547529
16605189
5873478
16459919
9054423
8492601
15384825
11840741
7596483
5084587
8357672
7909505
14162837
4390870
6849996
12309948
8917961
4070640
6283920
15176937
10640028
3944638
1938038
6350684
6886291
5599759
3450216
4924467
6584827
4114127
11095681
9357694
4026528
16550813
828920
10386535
7838119
5220835
7050434
13648790
283956
12217415
4460061
14718542
16034462
9457668
3998526
11984255
8831012
16682030
14312823
10967147
10999701
12734309
939559
4307358
9927437
12485271
4804026
6248526
4899534
10749336
10272508
15494063
6259795
9126440
14448112
16365132
7168562
8920302
6671412
7367944
11840442
14406465
3450077
16282925
11586120
5466723
3082635
4758709
4235268
1884601
11601475
4183262
11022383
7405582
9045072
8468254
13998954
3304599
8725060
3181729
10801704
7561591
16044742
1040017
16464963
10293255
4133277
13977315
15027671
12945608
3645703
699258
10479301
9681693
8953076
11105837
1585879
5168443
1120626
16435348
2837551
4156587
4522236
11829318
14178227
14179515
6144525
2809058
13067071
15813577
14027934
6705683
1154799
15797277
3644393
7303859
6176078
2251319
2767345
6796343
1863982
2245345
12547322
13346957
16298730
15603799
9846325
2960914
9648411
9410785
14708839
5424693
10478165
6577109
10705039
12249623
4039982
12459493
5131455
6671800
5761464
13702072
4612801
7005194
15031015
6624382
13886243
10538415
15410798
5561860
2118302
15249219
6626977
7318294
3096017
14325651
7115328
3746966
620141
15423592
11680399
14229409
3635217
14453349
10327793
13254760
475649
4737976
1451788
5856232
11296010
6512518
11001840
3046382
12254658
1687160
10362311
13724091
7368292
15029494
1331605
15824561
4330578
13623170
13981958
2957340
7577420
8367573
12672189
8771023
5445415
11012231
4802419
6298542
7316421
15683437
16016673
472737
10542519
806678
13563063
8746607